0,273
0,270
10,255
10,13
10,189
10,125
10,167
10,265
10,23
10,241
10,2
10,3
9,5
9,7
8,18
8,10
8,8
8,14
59,4
59,3
59,2
59,1
59,0
58,4
58,3
58,2
58,1
58,0
56,3
56,2
56,1
56,0
55,5
55,4
55,3
55,2
55,1
55,0
54,4
54,3
54,2
54,1
54,0
53,3
53,2
53,1
53,0
51,4
51,3
51,2
51,1
51,0
50,3
50,2
50,1
50,0
20,3
20,2
20,1
19,3
19,2
19,1
12,3
12,2
12,1
11,30
11,29
11,28
11,27
11,26
11,25
11,24
11,23
11,22
11,21
11,20
11,19
11,18
11,17
11,16
11,15
11,14
11,13
11,12
11,11
11,10
11,9
11,8
11,7
11,6
11,5
18,1
18,3
14,1
11,4
11,3
14,3
11,2
13,1
11,1
10,317
13,3
10,315
10,313
10,312
10,310
10,309
10,308
10,274
10,270
10,252
10,240
10,198
2,2
